-600122344.34
-577870683.30
-168779869.98
-181585564.52
-1105520959.73
-1064615103.22
-167765766.14
-1628069815.36
-941532071.98
9994351.37
-1116534646.26
-1698692569.82
-878666438.64
-1054335509.58
200138132.39
88511546.30
-1012045896.92
960918066.02
2592081689.45
2246443476.85
2275708792.73
2497545232.95
1953517416.55
2268229431.88
1748241771.23
3521834500.74
4111681995.41
4449451459.40
4679824150.20
2248737315.11
1269051305.76
3396405952.12
3738927336.32
3177568354.79
5348389132.59
5041107992.39
3049934589.05
4644045742.60
4465532612.62
3680187504.54
3860448372.67
4868826082.81
4934116568.43
5082742673.91
5287764626.97
5570520867.86
6511596868.96
5886914201.98
5491639553.35
4786925750.73
5518403206.53
5254797037.12
6366694915.06
6034921890.32
6703091692.06
6069083428.48
6286795029.79
6496119241.97
7159411552.96
4504874850.21
5514506016.60
6125463212.87
7452858463.63
6390219378.87
5526821975.91
6774655521.14
6952255041.23
7248912931.19
8014249695.90
8072388637.97
8654377503.47
8136802921.09
7576166718.53
8902395342.22
6399812872.69
8299013511.09
7873215346.67
8185894537.24
7540794304.55
8011374125.88
8039971873.49
8343060008.29
8311687759.10
9209741251.40
8699471218.27
7768311104.97
7710668704.33
8568263993.83
9401442792.86
8228953478.96
7993807268.96
9922414289.26
9375331384.74
9233065151.71
8050272151.36
8739287282.86
9144279310.10
9246421390.95
9297971494.55
9244193901.79
8499918212.70
9228046252.07
9724490024.41
9495572914.68
9377290174.89
10220704908.29
9641514838.17
9344426015.05
11029318263.68
9430737724.73
10801858819.32
10707227895.26
11377141392.24
10088663967.13
10086889518.95
8936602549.60
9535007703.96
10079916660.20
10531530673.52
10580959588.17
10037390098.53
10292650478.85
11514703234.42
10435904053.63
11572101819.81
10965854847.38
11079594441.75
9576062678.93
10187480496.38
11010047736.20
10682463093.49
11953709887.47
10862879175.43
11598714955.37
11453220271.86
10646765545.05
11039180030.19
9786520453.26
11511900725.04
11310906497.37
11002601523.50
11067763125.04
11270454358.74
11908463552.44
11650939274.25
10189156664.52
11578520077.06
11103204252.14
10832716002.62
11439296460.88
11020987607.75
11197596808.82
11653586508.16
10986220026.47
10946891104.58
12263644353.31
11878630561.38
11774281012.94
12057879296.74
11680822683.46
11549363362.21
10678275112.21
12548226190.61
12549948631.58
13408771949.66
12330953245.77
11880974839.17
12097963552.57
12622292182.90
12908376002.23
12003124425.57
12670702454.77
12793366827.68
12649859312.00
11533963669.31
11673513761.71
12420249346.85
12444198798.35
12851482717.15
11582890530.77
13064551533.85
11602658795.63
12268229781.78
12511662102.21
13009051716.10
11682676694.78
14203772060.45
12836584991.87
13270282672.78
12123331615.99
12847532941.96
12570279927.73
12895920853.53
12907751342.73
12779757837.23
13915494072.52
13067898675.02
12790109489.09
13882277983.37
12597667820.40
13131404865.32
13547390662.07
13633280724.00
12985151177.01
13419084620.69
12866106172.29
12757623940.28
12532345416.72
12590535760.96
13046801515.35
13335368688.18
13098911085.87
12480256140.53
12868287834.40
12996540990.41
12821839842.93
12714629178.17
13547756911.76
12898946131.64
12684748373.18
13491840610.80
13400599805.19
13340903215.73
13142667208.39
12235042342.97
13392220493.14
12853007149.77
13910048342.30
13793663771.31
13154276177.47
13058515978.48
13895087215.86
14053565747.16
13190308082.97
13640256811.27
13521883571.76
13891802164.46
13004422250.31
13177419447.44
14162679460.99
13731128822.83
13959650248.62
14209946246.22
13705046111.84
13822930650.34
13750150396.14
13790934051.30
13756367017.85
13678573023.81
13806051185.76
14190497169.41
13856709347.56
13646499303.62
13674178371.51
14006661363.03
14149109847.45
13628652338.72
13764502740.79
13889764259.15
13270456302.95
13516510455.79
14207595676.72
14382876553.38
13688097823.14
14438624343.32
13940623609.24
13917357254.02
14271500039.26
14182298205.07
13931778536.52
14087400089.14
13755012055.47
13293680006.79
13888356146.55
14528278516.55
13531023151.07
14026881144.70
13720719039.17
14162172512.87
13916470207.95
14564966470.18
13412247089.47
13773084498.47
13720171982.73
14444612664.14
13854419849.03
14476287325.31
13533538409.41
14175793690.69
13825709763.38
14589012719.75
13647255766.58
14124607240.59
14237401186.52
14404969326.98
14189054945.62
14000667952.65
13891005542.75
14012016874.08
14297381730.33
