-68981142.37
17726838.20
1092511311.33
1191900145.83
1988990188.95
-34975265.11
2144544637.01
-298928132.58
966582143.63
2784291866.24
1020622523.01
2874460574.90
2308149381.97
1541224355.52
1653490082.06
808234244.60
4116369676.67
2142326540.84
1517940595.20
3218124920.33
2817034805.77
1754482433.97
3579101031.01
3506419429.98
2726670530.42
3955974161.64
3134639972.18
3288475598.20
5383802048.65
4762981059.19
4535784094.32
4254827537.67
4813099517.53
4241309101.86
5210666309.39
4394589561.13
3887042656.98
5678846850.97
4567616810.54
5827554600.78
6416446959.45
6113755045.30
5510631996.69
5889134594.14
5275288511.32
6292472083.19
5657043819.40
5879487176.23
6384031389.53
5396547676.31
5562114459.67
6836759541.08
6539665741.32
7048237879.31
5756301026.57
6498197649.52
7240192883.93
6443571131.65
7023980045.59
8714241094.31
7900537934.25
7746433319.85
8287526678.12
8138105080.34
7451927831.31
6446048334.79
8981642437.33
7596736672.51
8061846451.65
8493351627.10
9664675381.39
8095699566.53
8845203324.02
8836073846.66
8865443434.32
8658053571.46
8850297501.86
8720610335.88
9985253741.18
9014225088.89
8774546945.98
10289314864.17
10526955054.45
8378375949.43
8040985071.01
9964538607.40
9170233695.19
10936732490.87
8122847232.85
8103168771.17
9057477184.32
9908981608.74
11968694403.45
9918443843.55
10529465821.75
10954229117.81
10636594315.37
8858601119.49
10617577457.66
10494912283.61
10182139636.60
10460046875.35
11741686117.87
11927455307.07
10859015886.96
11069678243.50
9127719147.72
11029193920.45
9768456161.88
11028523058.31
11861963405.42
11417125153.28
11149493873.48
10548460137.35
10509736077.83
11919883796.54
11587670565.96
11955399253.00
10604249897.90
11784444537.21
12334650943.33
12676954611.62
12618495386.80
11568829657.25
12798289418.67
12358152067.80
11498486882.11
12331880274.68
12821102309.80
11839891077.80
10615350947.36
13096334655.17
12824719903.49
12018917841.65
12556583633.36
13215843152.50
11364044110.07
13248136103.69
11482396418.96
13176518455.13
13436171136.22
13793757425.27
12330433699.89
12365720581.85
12921326671.22
13184799481.21
12239266554.14
13501759358.98
11960763750.18
13602465802.55
12179585618.73
13057186962.38
13203833196.08
12835627888.59
13275625326.09
12248862770.35
13619774230.13
12698201189.25
14619731898.02
12539307682.37
12710402615.02
13002607070.42
12234664694.87
13160342718.85
12736926411.43
13483372133.95
14177743369.99
12773790550.21
13407116582.15
13537045181.74
14482626440.37
13714293474.36
12840848859.43
13932838682.03
14681879014.92
13803785427.15
13594639222.97
14078454039.25
13964094576.29
14008328383.71
14160088584.45
13390734171.79
14285400149.49
13214329052.91
13921841076.08
14494273404.27
13040342022.56
13719366463.82
14569644305.94
14474996167.66
14052868248.77
14272221564.13
14879470170.29
15096988284.17
15071417486.71
14214022372.70
14234775741.53
14248699048.01
15362665199.67
14982675576.74
